
The power is: 11529.2133392 W (0.985535866236)
The isolated power is: 11698.4208634 W
Max SPL: 73.1028500572 dB

Wind Directions: [225.0] degrees
X-locations (initial): [2.0, 2.0, 2.0, 18.5, 18.5, 18.5, 35.0, 35.0, 35.0, 5.0, 5.0, 5.0, 21.5, 21.5, 21.5, 38.0, 38.0, 38.0] m
X-locations (final): [12.568931725694494, 7.510381543405131, 10.54263880450305, 19.17836463310361, 17.2241690135016, 17.539116935947423, 31.180144090816395, 29.449166265357402, 31.85096540421559, 9.923907930750227, 12.541485290615741, 12.47837118880041, 21.313732582620247, 24.407658522351653, 25.305132086929213, 28.489850237543177, 32.814247078155816, 34.047563742943694] m
Y-locations (initial): [2.0, 18.5, 35.0, 2.0, 18.5, 35.0, 2.0, 18.5, 35.0, 2.0, 18.5, 35.0, 2.0, 18.5, 35.0, 2.0, 18.5, 35.0] m
Y-locations (final): [11.464349450976673, 18.224484265193095, 28.41130142021037, 10.244291577443636, 23.48667731350557, 31.42013055737165, 12.716960994490696, 18.12627411358597, 28.61214082367412, 4.330974770329689, 14.829037722660328, 27.887881018889644, 6.097359028000871, 16.76498986445811, 34.81751607805658, 3.4363341432390997, 19.38861998079607, 28.540026760640025] m

SPL: [[73.02374897914919, 73.05727905027071, 72.95531284496971, 73.09107776564562, 73.09278749522531, 73.10285005721502, 72.9489525190085, 73.05332355679808]] dB
