
The power is: 12782.1634283 W (1.09264007318)
The isolated power is: 11698.4208634 W
Max SPL: 75.2229694054 dB

Wind Directions: [225.0] degrees
X-locations (initial): [2.0, 2.0, 2.0, 18.5, 18.5, 18.5, 35.0, 35.0, 35.0, 5.0, 5.0, 5.0, 21.5, 21.5, 21.5, 38.0, 38.0, 38.0] m
X-locations (final): [2.799428847089754, 2.8536953088214054, 2.7774619228142643, 19.39757039739812, 19.250985412386374, 19.385062069818552, 35.68736575851093, 35.710532700181616, 35.8644886855444, 4.199568966626746, 4.253887900439604, 4.177678000175612, 20.797605781558552, 20.650987745814636, 20.785038438188188, 37.0877194208049, 37.11076896032886, 37.26466412293974] m
Y-locations (initial): [2.0, 18.5, 35.0, 2.0, 18.5, 35.0, 2.0, 18.5, 35.0, 2.0, 18.5, 35.0, 2.0, 18.5, 35.0, 2.0, 18.5, 35.0] m
Y-locations (final): [2.696640227687918, 19.20743133677438, 35.65317247526391, 2.6240842494945875, 19.20810341613525, 35.64957639269869, 2.698941362549605, 19.19827019938821, 35.606263668981306, 1.2966374888349026, 17.80748108524637, 34.253245688680785, 1.2239767297278163, 17.807962878146647, 34.24940990348969, 1.2991522197894914, 17.798363625390753, 34.20629626059117] m

SPL: [[73.74448085542306, 74.902164576652, 73.51334828948374, 74.66085035485102, 73.50271362053454, 74.91693673682636, 73.74613474762714, 75.22296940538484]] dB
