
The power is: 12782.1633451 W (1.09264006607)
The isolated power is: 11698.4208634 W
Max SPL: 75.1979369128 dB

Wind Directions: [225.0] degrees
X-locations (initial): [2.0, 2.0, 2.0, 18.5, 18.5, 18.5, 35.0, 35.0, 35.0, 5.0, 5.0, 5.0, 21.5, 21.5, 21.5, 38.0, 38.0, 38.0] m
X-locations (final): [2.801866358429759, 2.848513388835996, 2.7840232552345183, 19.413051540423652, 19.294346000080274, 19.37538244358126, 35.71158929637296, 35.74003509165456, 35.916194210704674, 4.202034249425052, 4.248606365289341, 4.183953474229456, 20.81306522925305, 20.694564690314255, 20.775301580690723, 37.11181018164184, 37.14049970831674, 37.31625026257014] m
Y-locations (initial): [2.0, 18.5, 35.0, 2.0, 18.5, 35.0, 2.0, 18.5, 35.0, 2.0, 18.5, 35.0, 2.0, 18.5, 35.0, 2.0, 18.5, 35.0] m
Y-locations (final): [2.759603512205314, 19.243522850507482, 35.55694553748992, 2.777604587365613, 19.19948769971568, 35.56523339362047, 2.769059798842588, 19.209334818367946, 35.61120185119654, 1.3596285353919102, 17.843472942144167, 34.15673288017082, 1.3774753720919206, 17.79956354668723, 34.165009629581604, 1.3691378355607284, 17.809656398916616, 34.21111461426202] m

SPL: [[73.75110522429055, 74.8827584661074, 73.48729458601292, 74.65060228415982, 73.51517366868933, 74.93222091486966, 73.73103713987219, 75.1979369128073]] dB
