
The power is: 12047.4228053 W (1.02983325236)
The isolated power is: 11698.4208634 W
Max SPL: 73.9059133941 dB

Wind Directions: [225.0] degrees
X-locations (initial): [2.0, 2.0, 2.0, 18.5, 18.5, 18.5, 35.0, 35.0, 35.0, 5.0, 5.0, 5.0, 21.5, 21.5, 21.5, 38.0, 38.0, 38.0] m
X-locations (final): [7.209718420644997, 2.726776509296214, 5.6876806470445, 19.127144284122682, 19.12758511885399, 19.36000537253146, 32.40775438683603, 35.49829775489159, 33.92103005543922, 6.832205693335666, 4.7511656713131565, 7.224533680660126, 21.068281950240294, 21.153045522268194, 21.540615696766896, 34.33583001432401, 37.35292713735685, 37.042944526997196] m
Y-locations (initial): [2.0, 18.5, 35.0, 2.0, 18.5, 35.0, 2.0, 18.5, 35.0, 2.0, 18.5, 35.0, 2.0, 18.5, 35.0, 2.0, 18.5, 35.0] m
Y-locations (final): [7.787899827952106, 18.742328767172427, 33.900488520406114, 3.044018182905024, 18.828848954901588, 34.34623674069659, 4.758978105286033, 19.263443196058596, 34.107320161844505, 2.933757986006539, 18.193440673530922, 32.200580755563685, 2.4415939359170387, 18.264954626872335, 34.18587133799587, 4.0863900884622675, 18.34217018462994, 33.86301337935243] m

SPL: [[73.58192667084234, 73.78280931938272, 73.65399776597333, 73.90591339412333, 73.30254672319998, 73.85011426291443, 73.14635107985794, 73.88378389382399]] dB
