
The power is: 11813.3414042 W (1.00982359432)
The isolated power is: 11698.4208634 W
Max SPL: 77.7568744918 dB

Wind Directions: [225.0] degrees
X-locations (initial): [2.0, 2.0, 2.0, 18.5, 18.5, 18.5, 35.0, 35.0, 35.0, 5.0, 5.0, 5.0, 21.5, 21.5, 21.5, 38.0, 38.0, 38.0] m
X-locations (final): [1.5616072645918166, 2.3589294040909072, 2.4200204650866057, 17.215961382638305, 9.806866688092306, 18.421948072618562, 35.806488095142775, 34.858745287844016, 35.55889347566647, 4.79635837350336, 3.8620270816195776, 4.185006763790615, 20.264858609636853, 25.053575409181935, 20.840137116781392, 37.765346928525055, 38.582628700879475, 37.32386588386648] m
Y-locations (initial): [2.0, 18.5, 35.0, 2.0, 18.5, 35.0, 2.0, 18.5, 35.0, 2.0, 18.5, 35.0, 2.0, 18.5, 35.0, 2.0, 18.5, 35.0] m
Y-locations (final): [5.183360840443968, 16.787912011597893, 35.07674088562955, 3.3307150849104894, 16.438366986700157, 36.104264050050254, 3.8331667919194543, 17.95556891312322, 35.22979724885377, 3.0430027372652346, 20.99423709085328, 34.16471878119495, 0.7040398771599974, 6.975259780543572, 33.45290829977398, 2.6523618728408715, 19.050800715406417, 34.14393483587404] m

SPL: [[76.29863131952625, 77.45586057729726, 76.51429336783414, 77.75687449180235, 76.14524981668042, 76.7603046472269, 75.48894171165149, 76.89109938652506]] dB
