
The power is: 9995.02864822 W (0.854391269123)
The isolated power is: 11698.4208634 W
Max SPL: 76.4769234508 dB

Wind Directions: [225.0] degrees
X-locations (initial): [2.0, 2.0, 2.0, 18.5, 18.5, 18.5, 35.0, 35.0, 35.0, 5.0, 5.0, 5.0, 21.5, 21.5, 21.5, 38.0, 38.0, 38.0] m
X-locations (final): [21.32060777710062, 9.625264673361505, 4.0748600747901715, 25.290854554641964, 20.70863393038787, 12.206725034270908, 29.679719329556523, 26.707561696617276, 20.730004797378243, 23.428287280343145, 19.13306610208967, 8.359883805859281, 24.367891336596806, 23.056803325661075, 13.361815214781991, 29.95536020901239, 25.959249106270068, 29.042701370030805] m
Y-locations (initial): [2.0, 18.5, 35.0, 2.0, 18.5, 35.0, 2.0, 18.5, 35.0, 2.0, 18.5, 35.0, 2.0, 18.5, 35.0, 2.0, 18.5, 35.0] m
Y-locations (final): [6.852910713438371, 16.24369564917216, 25.965456599162934, 16.034579442411633, 23.825143620882557, 29.14952649289245, 19.555735402727745, 25.88126349153636, 33.853298681381816, 13.46842430272921, 14.77390119895412, 26.798261920621314, 20.79227842382877, 23.715935336213853, 33.14273020566553, 22.11535075659529, 31.526010635616128, 39.67303582267108] m

SPL: [[75.37718931283548, 74.58629684064442, 74.67129380974325, 74.87359067619093, 75.34275317736532, 76.30324394932659, 76.47692345079238, 76.093563525809]] dB
