
The power is: 5046.78086585 W (0.431407018501)
The isolated power is: 11698.4208634 W
Max SPL: 78.8485407647 dB

Wind Directions: [225.0] degrees
X-locations (initial): [0.0, 0.0, 0.0, 10.0, 10.0, 10.0, 20.0, 20.0, 20.0, 4.0, 4.0, 4.0, 14.0, 14.0, 14.0, 24.0, 24.0, 24.0] m
X-locations (final): [10.264970637407862, 6.882933586207216, 12.34619050875201, 12.651924393412324, 13.361219357946155, 15.912018632101544, 18.370385681375915, 18.914149897536625, 20.53299575764572, 10.795605315493859, 8.738957306396102, 13.982401899486542, 15.361219709307015, 15.545566388861143, 18.219174009287386, 20.193184912764462, 20.473454318902334, 21.088989222667518] m
Y-locations (initial): [0.0, 10.0, 20.0, 0.0, 10.0, 20.0, 0.0, 10.0, 20.0, 0.0, 10.0, 20.0, 0.0, 10.0, 20.0, 0.0, 10.0, 20.0] m
Y-locations (final): [14.414095386471178, 15.425525616371727, 21.347388735144378, 3.636339341290267, 14.999469575081458, 17.126314693183456, 9.89123161866241, 12.60924512012285, 18.302671247285883, 10.895894430134971, 18.993670837677097, 19.04493341803757, 12.943550447599074, 14.922013664966363, 18.481505349092274, 9.117413392700076, 11.215518428515699, 14.00918037362754] m

SPL: [[78.37439522931993, 78.4764621834878, 78.8104981026329, 78.8485407646545, 78.6622438124727, 78.38709493758452, 78.28628902269608, 78.3593540730123]] dB
