
The power is: 12641.2008364 W (1.08059036207)
The isolated power is: 11698.4208634 W
Max SPL: 77.5231471487 dB

Wind Directions: [225.0] degrees
X-locations (initial): [2.0, 2.0, 2.0, 18.5, 18.5, 18.5, 35.0, 35.0, 35.0, 5.0, 5.0, 5.0, 21.5, 21.5, 21.5, 38.0, 38.0, 38.0] m
X-locations (final): [2.7343353736174154, 2.794830124262504, 2.841313611339028, 19.352942722546963, 19.10068232883118, 19.01795043072532, 35.54837369707067, 35.56391816883411, 35.59290277536384, 4.272102055475008, 4.332959126963893, 4.37944520585818, 20.89102894830483, 20.638672372775076, 20.55606982011765, 37.086188433657064, 37.10202636087316, 37.13085863443288] m
Y-locations (initial): [2.0, 18.5, 35.0, 2.0, 18.5, 35.0, 2.0, 18.5, 35.0, 2.0, 18.5, 35.0, 2.0, 18.5, 35.0, 2.0, 18.5, 35.0] m
Y-locations (final): [2.6223721700713503, 19.00828849881546, 35.40962457924115, 2.627161853844533, 19.01352133490553, 35.296855211273176, 2.6231822711672637, 19.099149070802973, 35.51105552263085, 1.375105678801521, 17.76146827850931, 34.16280815206855, 1.3802892704134413, 17.766530235892137, 34.050023587686596, 1.3759749725492039, 17.852303444411813, 34.264022270330095] m

SPL: [[76.16102745730495, 77.45846600198657, 76.21112230970779, 77.52314714865601, 76.18426253913842, 77.40604863957023, 76.12128652054582, 77.3993036258143]] dB
