
The power is: 12264.560256 W (1.04839451403)
The isolated power is: 11698.4208634 W
Max SPL: 75.5674745625 dB

Wind Directions: [225.0] degrees
X-locations (initial): [2.0, 2.0, 2.0, 18.5, 18.5, 18.5, 35.0, 35.0, 35.0, 5.0, 5.0, 5.0, 21.5, 21.5, 21.5, 38.0, 38.0, 38.0] m
X-locations (final): [2.49441094243342, 2.4909671281570485, 2.4879907852559526, 19.003514131392915, 18.995539068780637, 19.003378464496116, 35.497811471265436, 35.49859074547404, 35.473399494214426, 4.062474448635518, 4.058926312551815, 4.055961778410929, 20.57147151346565, 20.563506192627184, 20.57130997418942, 37.065827127669245, 37.06637627183056, 37.041420677242364] m
Y-locations (initial): [2.0, 18.5, 35.0, 2.0, 18.5, 35.0, 2.0, 18.5, 35.0, 2.0, 18.5, 35.0, 2.0, 18.5, 35.0, 2.0, 18.5, 35.0] m
Y-locations (final): [2.605891669602139, 19.107427639967376, 35.606163309941714, 2.6041543541970418, 19.10290640901907, 35.60446569871756, 2.6046696086121672, 19.10961967137589, 35.600732120327855, 1.3969197154784374, 17.89829086720246, 34.39706992289968, 1.3950482378520295, 17.893817083677614, 34.39532035927609, 1.3956423345481477, 17.900234024232322, 34.391705739314474] m

SPL: [[73.89455139956439, 75.56747456245935, 74.0027979878416, 75.11064775339635, 73.50706546892586, 74.460936809986, 73.4026068668362, 74.88093589913697]] dB
