
The power is: 11282.9106501 W (0.964481512661)
The isolated power is: 11698.4208634 W
Max SPL: 79.8063261936 dB

Wind Directions: [225.0] degrees
X-locations (initial): [2.0, 2.0, 2.0, 18.5, 18.5, 18.5, 35.0, 35.0, 35.0, 5.0, 5.0, 5.0, 21.5, 21.5, 21.5, 38.0, 38.0, 38.0] m
X-locations (final): [1.7627710258482485, 6.234926478199759, 0.0, 6.8013900294585685, 20.25738771536049, 19.55122303695011, 35.552629975246276, 36.33870280644422, 37.84429906501172, 2.592411917480369, 7.837805897019138, 14.45328116523762, 26.96762265953371, 22.920599645819536, 26.124840650266496, 37.56971375432488, 39.039707613135505, 40.0] m
Y-locations (initial): [2.0, 18.5, 35.0, 2.0, 18.5, 35.0, 2.0, 18.5, 35.0, 2.0, 18.5, 35.0, 2.0, 18.5, 35.0, 2.0, 18.5, 35.0] m
Y-locations (final): [10.65819625296827, 17.457859477877932, 23.852418055559102, 3.782377747533867, 15.275568390200744, 36.20872615708411, 0.29743636778965404, 5.661332549604408, 14.846529953477845, 7.476987527400256, 15.715748901674479, 24.765221019985397, 0.6140283677314247, 14.102071099031471, 30.305817415210875, 0.0, 5.569647920395918, 12.046496245647718] m

SPL: [[76.53361109609718, 77.30972369245863, 76.71563476881987, 79.80632619363293, 76.40037288243948, 74.35170759110113, 74.41057163517203, 74.81969865776156]] dB
