
The power is: 12264.5683249 W (1.04839520377)
The isolated power is: 11698.4208634 W
Max SPL: 74.9855530468 dB

Wind Directions: [225.0] degrees
X-locations (initial): [2.0, 2.0, 2.0, 18.5, 18.5, 18.5, 35.0, 35.0, 35.0, 5.0, 5.0, 5.0, 21.5, 21.5, 21.5, 38.0, 38.0, 38.0] m
X-locations (final): [4.304407710922205, 2.742599728579465, 2.679006956311623, 19.2916124058625, 19.22321050813174, 19.182612281070345, 35.23224306969283, 35.67686946379533, 35.68759490207986, 5.87253134630314, 4.310328582887386, 4.2468315787080915, 20.859304340936088, 20.79089403217838, 20.75056006419225, 36.80032195857313, 37.24467754502207, 37.25548719139211] m
Y-locations (initial): [2.0, 18.5, 35.0, 2.0, 18.5, 35.0, 2.0, 18.5, 35.0, 2.0, 18.5, 35.0, 2.0, 18.5, 35.0, 2.0, 18.5, 35.0] m
Y-locations (final): [4.08173378052814, 19.28439342060845, 35.62355805713165, 2.662644769852271, 19.163621171867387, 35.609260235839464, 3.0149675533919438, 19.172711904604267, 35.599708897111526, 2.872854494508013, 18.075002561662405, 34.41429135636939, 1.4532060505406381, 17.954171556929147, 34.4001532207326, 1.8060305318752128, 17.9634237584284, 34.39052992513346] m

SPL: [[73.81963484980935, 74.7796300902664, 73.98900796846081, 74.98555304681517, 73.57296633727246, 74.53524402769348, 73.42439551557995, 74.85027766490131]] dB
