
The power is: 11262.4846741 W (0.962735467084)
The isolated power is: 11698.4208634 W
Max SPL: 75.8506547529 dB

Wind Directions: [225.0] degrees
X-locations (initial): [2.0, 2.0, 2.0, 18.5, 18.5, 18.5, 35.0, 35.0, 35.0, 5.0, 5.0, 5.0, 21.5, 21.5, 21.5, 38.0, 38.0, 38.0] m
X-locations (final): [12.765463314440554, 12.008932875830771, 11.62190841416457, 20.47046604550431, 20.20212895713105, 18.324971664009432, 28.492796115910238, 30.491100492238, 25.530855919126097, 15.715654121405702, 11.897481773263841, 12.35854732693923, 22.87482773905331, 22.829696543413668, 21.553216529722448, 33.32578086765215, 29.869653233067144, 30.351240169431566] m
Y-locations (initial): [2.0, 18.5, 35.0, 2.0, 18.5, 35.0, 2.0, 18.5, 35.0, 2.0, 18.5, 35.0, 2.0, 18.5, 35.0, 2.0, 18.5, 35.0] m
Y-locations (final): [7.170255247788753, 14.955711579237542, 24.35372529484153, 11.719672839110466, 19.135337805857056, 27.561188549240313, 11.018575035825444, 16.323176483790387, 28.22465157377572, 12.224926298580636, 18.914059313621337, 29.619368668806665, 11.690770476388236, 17.205079841785015, 26.53516220130791, 12.764270519771475, 23.643029902811076, 30.745033333667553] m

SPL: [[75.03791215043479, 75.39766309286765, 75.5793006867166, 75.85065475291225, 75.77058057621764, 75.62596049188488, 75.20840256338472, 75.060229967344]] dB
